events_id,E_sum_cen_biletow_z_rynku_w,E_srednia_cena_biletow_z_rynku_w,E_liczba_biletow_z_rynku_w,E_dostepne_sektory
336260,330,10,33,event z jadną głowna salą
316437,280,10,28,event z jadną głowna salą
309752,110,55,2,event bez numerowanych miejsc
332770,1150,50,23,event z jadną głowna salą
388519,405,15,27,event z jadną głowna salą
327659,240,10,24,event z jadną głowna salą
382137,360,15,24,event z jadną głowna salą
394849,465,465,1,event bez numerowanych miejsc
349616,2500,500,5,event bez numerowanych miejsc
434454,100,25,4,event z jadną głowna salą
429646,160,20,8,event z jadną głowna salą
382330,1000,25,40,event z jadną głowna salą
390899,580,20,29,event z jadną głowna salą
330428,675,15,45,event z jadną głowna salą
349158,780,15,52,event z jadną głowna salą
431415,350,25,14,event z jadną głowna salą
434455,550,55,10,event z jadną głowna salą
431412,50,50,1,event z jadną głowna salą
382301,1215,45,27,event z jadną głowna salą
431414,90,30,3,event z jadną głowna salą
306192,40,10,4,event bez numerowanych miejsc
306193,60,10,6,event bez numerowanych miejsc
378839,550,55,10,event bez numerowanych miejsc
316670,450,10,45,event z jadną głowna salą
432600,10,10,1,event bez numerowanych miejsc
268999,2660,70,38,event z jadną głowna salą
421901,0,0,0,event bez numerowanych miejsc
422781,0,0,0,brak danych
306282,1040,40,26,event z jadną głowna salą
419391,60,20,3,event bez numerowanych miejsc
344031,100,10,10,event z jadną głowna salą
306189,0,0,0,event z jadną głowna salą
304941,70,10,7,event z jadną głowna salą
387462,75,15,5,event z jadną głowna salą
382115,0,0,0,event z jadną głowna salą
380375,50,25,2,event z jadną głowna salą
307305,60,15,4,event z jadną głowna salą
307306,45,15,3,event z jadną głowna salą
407540,0,0,0,event bez numerowanych miejsc
402072,0,0,0,event bez numerowanych miejsc
399375,350,35,10,event bez numerowanych miejsc
384930,0,0,0,event bez numerowanych miejsc
319401,2400,40,60,event bez numerowanych miejsc
418001,420,140,3,event bez numerowanych miejsc
421291,0,0,0,event bez numerowanych miejsc
415154,14575,275,53,event bez numerowanych miejsc
436248,150,10,15,event z jadną głowna salą
385532,10,10,1,event bez numerowanych miejsc
387117,10,10,1,event bez numerowanych miejsc
384940,10,10,1,event bez numerowanych miejsc
382128,0,0,0,event bez numerowanych miejsc
382125,45,45,1,event bez numerowanych miejsc
382127,15,15,1,event bez numerowanych miejsc
382126,100,50,2,event bez numerowanych miejsc
399908,0,0,0,event bez numerowanych miejsc
399356,360,45,8,event bez numerowanych miejsc
349832,40,40,1,event z jadną głowna salą
431560,25,25,1,event z jadną głowna salą
365444,20,10,2,event z jadną głowna salą
315103,160,40,4,event z jadną głowna salą
354622,200,40,5,event z jadną głowna salą
354624,240,40,6,event z jadną głowna salą
348449,175,25,7,event z jadną głowna salą
385007,315,45,7,event z jadną głowna salą
334614,10,10,1,event z jadną głowna salą
326910,280,40,7,event z jadną głowna salą
369326,405,45,9,event z jadną głowna salą
313289,225,25,9,event z jadną głowna salą
315099,225,25,9,event z jadną głowna salą
431557,20,20,1,event z jadną głowna salą
429510,240,60,4,event z jadną głowna salą
326912,200,40,5,event z jadną głowna salą
399359,420,35,12,event z jadną głowna salą
337029,10,10,1,event z jadną głowna salą
315106,240,40,6,event z jadną głowna salą
296585,280,35,8,event z jadną głowna salą
326904,270,30,9,event z jadną głowna salą
344985,10,10,1,event z jadną głowna salą
337030,10,10,1,event z jadną głowna salą
347607,100,25,4,event z jadną głowna salą
391014,300,25,12,event z jadną głowna salą
302408,160,40,4,event z jadną głowna salą
340182,40,40,1,event z jadną głowna salą
365445,20,10,2,event z jadną głowna salą
379724,280,35,8,event z jadną głowna salą
361841,20,10,2,event bez numerowanych miejsc
315094,385,35,11,event z jadną głowna salą
302410,330,30,11,event z jadną głowna salą
357406,240,40,6,event z jadną głowna salą
344987,10,10,1,event z jadną głowna salą
354616,200,40,5,event z jadną głowna salą
307006,200,40,5,event z jadną głowna salą
384363,240,30,8,event z jadną głowna salą
315097,210,30,7,event z jadną głowna salą
315098,210,35,6,event z jadną głowna salą
296583,210,30,7,event z jadną głowna salą
385013,150,25,6,event z jadną głowna salą
430891,150,30,5,event z jadną głowna salą
315087,200,40,5,event z jadną głowna salą
315093,240,30,8,event z jadną głowna salą
334616,10,10,1,event z jadną głowna salą
365446,10,10,1,event z jadną głowna salą
380076,80,20,4,event z jadną głowna salą
315114,175,25,7,event z jadną głowna salą
340180,200,40,5,event z jadną głowna salą
354607,180,30,6,event z jadną głowna salą
344988,0,0,0,event z jadną głowna salą
365447,10,10,1,event z jadną głowna salą
308808,10,10,1,event z jadną głowna salą
377271,125,25,5,event z jadną głowna salą
380077,100,25,4,event z jadną głowna salą
326905,315,35,9,event z jadną głowna salą
379726,280,35,8,event z jadną głowna salą
269276,270,30,9,event z jadną głowna salą
385015,240,30,8,event z jadną głowna salą
302141,160,40,4,event z jadną głowna salą
340181,240,40,6,event z jadną głowna salą
379719,160,40,4,event z jadną głowna salą
379402,180,45,4,event z jadną głowna salą
427558,30,30,1,event bez numerowanych miejsc
397785,105,35,3,event bez numerowanych miejsc
354608,175,35,5,event z jadną głowna salą
322240,80,40,2,event z jadną głowna salą
269356,120,30,4,event z jadną głowna salą
354617,80,40,2,event z jadną głowna salą
431638,220,55,4,event z jadną głowna salą
379723,180,30,6,event z jadną głowna salą
384608,100,25,4,event bez numerowanych miejsc
379725,90,30,3,event z jadną głowna salą
387984,40,10,4,event z jadną głowna salą
400286,140,35,4,event bez numerowanych miejsc
377270,20,20,1,event z jadną głowna salą
302135,150,30,5,event z jadną głowna salą
391416,40,40,1,event z jadną głowna salą
302411,280,35,8,event z jadną głowna salą
394277,220,20,11,event z jadną głowna salą
269277,180,30,6,event z jadną głowna salą
315699,0,0,0,event z jadną głowna salą
272907,30,30,1,event z jadną głowna salą
313413,60,20,3,event z jadną głowna salą
272637,20,20,1,event z jadną głowna salą
302140,245,35,7,event z jadną głowna salą
315700,0,0,0,event z jadną głowna salą
315089,30,30,1,event z jadną głowna salą
401971,20,20,1,event bez numerowanych miejsc
375377,70,35,2,event z jadną głowna salą
326906,60,30,2,event z jadną głowna salą
431637,330,55,6,event z jadną głowna salą
272908,25,25,1,event z jadną głowna salą
325024,15,15,1,event z jadną głowna salą
338658,20,20,1,event z jadną głowna salą
384609,125,25,5,event bez numerowanych miejsc
340377,0,0,0,event bez numerowanych miejsc
361971,10,10,1,event bez numerowanych miejsc
269350,0,0,0,event z jadną głowna salą
279389,20,20,1,event z jadną głowna salą
326765,0,0,0,event z jadną głowna salą
389057,20,20,1,event bez numerowanych miejsc
333224,20,20,1,event z jadną głowna salą
333225,20,20,1,event z jadną głowna salą
326763,0,0,0,event z jadną głowna salą
376741,0,0,0,event z jadną głowna salą
315092,60,30,2,event z jadną głowna salą
315095,120,30,4,event z jadną głowna salą
313283,0,0,0,event z jadną głowna salą
358394,0,0,0,event z jadną głowna salą
388075,315,45,7,event z jadną głowna salą
306484,0,0,0,event z jadną głowna salą
365381,0,0,0,event z jadną głowna salą
384368,0,0,0,event z jadną głowna salą
346171,50,25,2,event z jadną głowna salą
269351,0,0,0,event z jadną głowna salą
317610,0,0,0,event z jadną głowna salą
333216,0,0,0,event z jadną głowna salą
338659,0,0,0,event z jadną głowna salą
313428,0,0,0,event z jadną głowna salą
272636,0,0,0,event z jadną głowna salą
313282,0,0,0,event z jadną głowna salą
345611,0,0,0,event z jadną głowna salą
365316,0,0,0,event z jadną głowna salą
388074,540,45,12,event z jadną głowna salą
313284,0,0,0,event z jadną głowna salą
345602,0,0,0,event z jadną głowna salą
349881,0,0,0,event z jadną głowna salą
365315,0,0,0,event z jadną głowna salą
385019,0,0,0,event bez numerowanych miejsc
266266,0,0,0,event z jadną głowna salą
315999,0,0,0,event z jadną głowna salą
323886,0,0,0,event z jadną głowna salą
349880,0,0,0,event z jadną głowna salą
349882,0,0,0,event z jadną głowna salą
365314,0,0,0,event z jadną głowna salą
390707,20,20,1,event bez numerowanych miejsc
385018,25,25,1,event bez numerowanych miejsc
326764,0,0,0,event z jadną głowna salą
345610,0,0,0,event z jadną głowna salą
382569,0,0,0,event z jadną głowna salą
329660,0,0,0,event z jadną głowna salą
346172,25,25,1,event z jadną głowna salą
313426,0,0,0,event z jadną głowna salą
302137,25,25,1,event z jadną głowna salą
391010,0,0,0,event z jadną głowna salą
392373,0,0,0,event bez numerowanych miejsc
302138,0,0,0,event z jadną głowna salą
433360,0,0,0,event bez numerowanych miejsc
388405,0,0,0,event bez numerowanych miejsc
433359,0,0,0,event bez numerowanych miejsc
387179,20,20,1,event z jadną głowna salą
390385,20,20,1,event bez numerowanych miejsc
361936,20,10,2,event bez numerowanych miejsc
339187,560,70,8,event bez numerowanych miejsc
387180,0,0,0,event z jadną głowna salą
394275,0,0,0,event z jadną głowna salą
387181,0,0,0,event z jadną głowna salą
391012,0,0,0,event z jadną głowna salą
249118,0,0,0,event bez numerowanych miejsc
249507,0,0,0,event bez numerowanych miejsc
249517,0,0,0,event bez numerowanych miejsc
249541,0,0,0,event bez numerowanych miejsc
249555,0,0,0,event bez numerowanych miejsc
249567,0,0,0,event bez numerowanych miejsc
249586,0,0,0,event bez numerowanych miejsc
249590,0,0,0,event bez numerowanych miejsc
249660,0,0,0,event bez numerowanych miejsc
249678,0,0,0,event bez numerowanych miejsc
260886,0,0,0,event bez numerowanych miejsc
248899,0,0,0,event bez numerowanych miejsc
248937,0,0,0,event bez numerowanych miejsc
248949,0,0,0,event bez numerowanych miejsc
248969,0,0,0,event bez numerowanych miejsc
248970,0,0,0,event bez numerowanych miejsc
248973,0,0,0,event bez numerowanych miejsc
249109,0,0,0,event bez numerowanych miejsc
249124,0,0,0,event bez numerowanych miejsc
249132,0,0,0,event bez numerowanych miejsc
249140,0,0,0,event bez numerowanych miejsc
249477,0,0,0,event bez numerowanych miejsc
249480,0,0,0,event bez numerowanych miejsc
249500,0,0,0,event bez numerowanych miejsc
249530,0,0,0,event bez numerowanych miejsc
249592,0,0,0,event bez numerowanych miejsc
249600,0,0,0,event bez numerowanych miejsc
249629,0,0,0,event bez numerowanych miejsc
249647,0,0,0,event bez numerowanych miejsc
249718,0,0,0,event bez numerowanych miejsc
249773,0,0,0,event bez numerowanych miejsc
249780,0,0,0,event bez numerowanych miejsc
249785,0,0,0,event bez numerowanych miejsc
249830,0,0,0,event bez numerowanych miejsc
260896,0,0,0,event bez numerowanych miejsc
260912,0,0,0,event bez numerowanych miejsc
260918,0,0,0,event bez numerowanych miejsc
260921,0,0,0,event bez numerowanych miejsc
260944,0,0,0,event bez numerowanych miejsc
260950,0,0,0,event bez numerowanych miejsc
260951,0,0,0,event bez numerowanych miejsc
260963,0,0,0,event bez numerowanych miejsc
260966,0,0,0,event bez numerowanych miejsc
260968,0,0,0,event bez numerowanych miejsc
260983,0,0,0,event bez numerowanych miejsc
260986,0,0,0,event bez numerowanych miejsc
260996,0,0,0,event bez numerowanych miejsc
261007,0,0,0,event bez numerowanych miejsc
248936,0,0,0,event bez numerowanych miejsc
249150,0,0,0,event bez numerowanych miejsc
249476,0,0,0,event bez numerowanych miejsc
249491,0,0,0,event bez numerowanych miejsc
249492,0,0,0,event bez numerowanych miejsc
249547,0,0,0,event bez numerowanych miejsc
249568,0,0,0,event bez numerowanych miejsc
249571,0,0,0,event bez numerowanych miejsc
249583,0,0,0,event bez numerowanych miejsc
249596,0,0,0,event bez numerowanych miejsc
249603,0,0,0,event bez numerowanych miejsc
249653,0,0,0,event bez numerowanych miejsc
249838,0,0,0,event bez numerowanych miejsc
260892,0,0,0,event bez numerowanych miejsc
260913,0,0,0,event bez numerowanych miejsc
260925,0,0,0,event bez numerowanych miejsc
260945,0,0,0,event bez numerowanych miejsc
261010,0,0,0,event bez numerowanych miejsc
261012,0,0,0,event bez numerowanych miejsc
248913,0,0,0,event bez numerowanych miejsc
248981,0,0,0,event bez numerowanych miejsc
249005,0,0,0,event bez numerowanych miejsc
249015,0,0,0,event bez numerowanych miejsc
249100,0,0,0,event bez numerowanych miejsc
249122,0,0,0,event bez numerowanych miejsc
249136,0,0,0,event bez numerowanych miejsc
249146,0,0,0,event bez numerowanych miejsc
249485,0,0,0,event bez numerowanych miejsc
249490,0,0,0,event bez numerowanych miejsc
249565,0,0,0,event bez numerowanych miejsc
249566,0,0,0,event bez numerowanych miejsc
249591,0,0,0,event bez numerowanych miejsc
249593,0,0,0,event bez numerowanych miejsc
249628,0,0,0,event bez numerowanych miejsc
249639,0,0,0,event bez numerowanych miejsc
249683,0,0,0,event bez numerowanych miejsc
249726,0,0,0,event bez numerowanych miejsc
249742,0,0,0,event bez numerowanych miejsc
249850,0,0,0,event bez numerowanych miejsc
260899,0,0,0,event bez numerowanych miejsc
260926,0,0,0,event bez numerowanych miejsc
261011,0,0,0,event bez numerowanych miejsc
248901,0,0,0,event bez numerowanych miejsc
248955,0,0,0,event bez numerowanych miejsc
248959,0,0,0,event bez numerowanych miejsc
248961,0,0,0,event bez numerowanych miejsc
248985,0,0,0,event bez numerowanych miejsc
248988,0,0,0,event bez numerowanych miejsc
248992,0,0,0,event bez numerowanych miejsc
249097,0,0,0,event bez numerowanych miejsc
249475,0,0,0,event bez numerowanych miejsc
249513,0,0,0,event bez numerowanych miejsc
249531,0,0,0,event bez numerowanych miejsc
249641,0,0,0,event bez numerowanych miejsc
249646,0,0,0,event bez numerowanych miejsc
249712,0,0,0,event bez numerowanych miejsc
249766,0,0,0,event bez numerowanych miejsc
260965,0,0,0,event bez numerowanych miejsc
248980,0,0,0,event bez numerowanych miejsc
248986,0,0,0,event bez numerowanych miejsc
248995,0,0,0,event bez numerowanych miejsc
249056,0,0,0,event bez numerowanych miejsc
249481,0,0,0,event bez numerowanych miejsc
249510,0,0,0,event bez numerowanych miejsc
249546,0,0,0,event bez numerowanych miejsc
249548,0,0,0,event bez numerowanych miejsc
249589,0,0,0,event bez numerowanych miejsc
249601,0,0,0,event bez numerowanych miejsc
249602,0,0,0,event bez numerowanych miejsc
249626,0,0,0,event bez numerowanych miejsc
249701,0,0,0,event bez numerowanych miejsc
249862,0,0,0,event bez numerowanych miejsc
260988,0,0,0,event bez numerowanych miejsc
248895,0,0,0,event bez numerowanych miejsc
248903,0,0,0,event bez numerowanych miejsc
249141,0,0,0,event bez numerowanych miejsc
249505,0,0,0,event bez numerowanych miejsc
249522,0,0,0,event bez numerowanych miejsc
249526,0,0,0,event bez numerowanych miejsc
249532,0,0,0,event bez numerowanych miejsc
249538,0,0,0,event bez numerowanych miejsc
249540,0,0,0,event bez numerowanych miejsc
249550,0,0,0,event bez numerowanych miejsc
249561,0,0,0,event bez numerowanych miejsc
249684,0,0,0,event bez numerowanych miejsc
249685,0,0,0,event bez numerowanych miejsc
249720,0,0,0,event bez numerowanych miejsc
249788,0,0,0,event bez numerowanych miejsc
249823,0,0,0,event bez numerowanych miejsc
249896,0,0,0,event bez numerowanych miejsc
261013,0,0,0,event bez numerowanych miejsc
248911,0,0,0,event bez numerowanych miejsc
248928,0,0,0,event bez numerowanych miejsc
248932,0,0,0,event bez numerowanych miejsc
249042,0,0,0,event bez numerowanych miejsc
249058,0,0,0,event bez numerowanych miejsc
249120,0,0,0,event bez numerowanych miejsc
249533,0,0,0,event bez numerowanych miejsc
249542,0,0,0,event bez numerowanych miejsc
249552,0,0,0,event bez numerowanych miejsc
249648,0,0,0,event bez numerowanych miejsc
249652,0,0,0,event bez numerowanych miejsc
249675,0,0,0,event bez numerowanych miejsc
249826,0,0,0,event bez numerowanych miejsc
249852,0,0,0,event bez numerowanych miejsc
248906,0,0,0,event bez numerowanych miejsc
248907,0,0,0,event bez numerowanych miejsc
248924,0,0,0,event bez numerowanych miejsc
249050,0,0,0,event bez numerowanych miejsc
249509,0,0,0,event bez numerowanych miejsc
249544,0,0,0,event bez numerowanych miejsc
249569,0,0,0,event bez numerowanych miejsc
249584,0,0,0,event bez numerowanych miejsc
249585,0,0,0,event bez numerowanych miejsc
249621,0,0,0,event bez numerowanych miejsc
249677,0,0,0,event bez numerowanych miejsc
249679,0,0,0,event bez numerowanych miejsc
249702,0,0,0,event bez numerowanych miejsc
249817,0,0,0,event bez numerowanych miejsc
260900,0,0,0,event bez numerowanych miejsc
260997,0,0,0,event bez numerowanych miejsc
248979,0,0,0,event bez numerowanych miejsc
248989,0,0,0,event bez numerowanych miejsc
249003,0,0,0,event bez numerowanych miejsc
249037,0,0,0,event bez numerowanych miejsc
249501,0,0,0,event bez numerowanych miejsc
249519,0,0,0,event bez numerowanych miejsc
249528,0,0,0,event bez numerowanych miejsc
249576,0,0,0,event bez numerowanych miejsc
249580,0,0,0,event bez numerowanych miejsc
249582,0,0,0,event bez numerowanych miejsc
249588,0,0,0,event bez numerowanych miejsc
249614,0,0,0,event bez numerowanych miejsc
249705,0,0,0,event bez numerowanych miejsc
249714,0,0,0,event bez numerowanych miejsc
249729,0,0,0,event bez numerowanych miejsc
248898,0,0,0,event bez numerowanych miejsc
248900,0,0,0,event bez numerowanych miejsc
248944,0,0,0,event bez numerowanych miejsc
248983,0,0,0,event bez numerowanych miejsc
249007,0,0,0,event bez numerowanych miejsc
249029,0,0,0,event bez numerowanych miejsc
249034,0,0,0,event bez numerowanych miejsc
249103,0,0,0,event bez numerowanych miejsc
249514,0,0,0,event bez numerowanych miejsc
249524,0,0,0,event bez numerowanych miejsc
249617,0,0,0,event bez numerowanych miejsc
249644,0,0,0,event bez numerowanych miejsc
249687,0,0,0,event bez numerowanych miejsc
249700,0,0,0,event bez numerowanych miejsc
249746,0,0,0,event bez numerowanych miejsc
249839,0,0,0,event bez numerowanych miejsc
249909,0,0,0,event bez numerowanych miejsc
248897,0,0,0,event bez numerowanych miejsc
248927,0,0,0,event bez numerowanych miejsc
248976,0,0,0,event bez numerowanych miejsc
248997,0,0,0,event bez numerowanych miejsc
249156,0,0,0,event bez numerowanych miejsc
249478,0,0,0,event bez numerowanych miejsc
249645,0,0,0,event bez numerowanych miejsc
249649,0,0,0,event bez numerowanych miejsc
249670,0,0,0,event bez numerowanych miejsc
249716,0,0,0,event bez numerowanych miejsc
249829,0,0,0,event bez numerowanych miejsc
249842,0,0,0,event bez numerowanych miejsc
249844,0,0,0,event bez numerowanych miejsc
261000,0,0,0,event bez numerowanych miejsc
248951,0,0,0,event bez numerowanych miejsc
248996,0,0,0,event bez numerowanych miejsc
249059,0,0,0,event bez numerowanych miejsc
249486,0,0,0,event bez numerowanych miejsc
249608,0,0,0,event bez numerowanych miejsc
249622,0,0,0,event bez numerowanych miejsc
249637,0,0,0,event bez numerowanych miejsc
249661,0,0,0,event bez numerowanych miejsc
249760,0,0,0,event bez numerowanych miejsc
249808,0,0,0,event bez numerowanych miejsc
248912,0,0,0,event bez numerowanych miejsc
248914,0,0,0,event bez numerowanych miejsc
248925,0,0,0,event bez numerowanych miejsc
248952,0,0,0,event bez numerowanych miejsc
248991,0,0,0,event bez numerowanych miejsc
249535,0,0,0,event bez numerowanych miejsc
249556,0,0,0,event bez numerowanych miejsc
249587,0,0,0,event bez numerowanych miejsc
249620,0,0,0,event bez numerowanych miejsc
249624,0,0,0,event bez numerowanych miejsc
249664,0,0,0,event bez numerowanych miejsc
249698,0,0,0,event bez numerowanych miejsc
249796,0,0,0,event bez numerowanych miejsc
248905,0,0,0,event bez numerowanych miejsc
248915,0,0,0,event bez numerowanych miejsc
248940,0,0,0,event bez numerowanych miejsc
249008,0,0,0,event bez numerowanych miejsc
249009,0,0,0,event bez numerowanych miejsc
249045,0,0,0,event bez numerowanych miejsc
249051,0,0,0,event bez numerowanych miejsc
249553,0,0,0,event bez numerowanych miejsc
249562,0,0,0,event bez numerowanych miejsc
249604,0,0,0,event bez numerowanych miejsc
249680,0,0,0,event bez numerowanych miejsc
249730,0,0,0,event bez numerowanych miejsc
249768,0,0,0,event bez numerowanych miejsc
249778,0,0,0,event bez numerowanych miejsc
249784,0,0,0,event bez numerowanych miejsc
248904,0,0,0,event bez numerowanych miejsc
248933,0,0,0,event bez numerowanych miejsc
248953,0,0,0,event bez numerowanych miejsc
248954,0,0,0,event bez numerowanych miejsc
248972,0,0,0,event bez numerowanych miejsc
249494,0,0,0,event bez numerowanych miejsc
249511,0,0,0,event bez numerowanych miejsc
249529,0,0,0,event bez numerowanych miejsc
249772,0,0,0,event bez numerowanych miejsc
249800,0,0,0,event bez numerowanych miejsc
249819,0,0,0,event bez numerowanych miejsc
249849,0,0,0,event bez numerowanych miejsc
249903,0,0,0,event bez numerowanych miejsc
248908,0,0,0,event bez numerowanych miejsc
248962,0,0,0,event bez numerowanych miejsc
248977,0,0,0,event bez numerowanych miejsc
249516,0,0,0,event bez numerowanych miejsc
249536,0,0,0,event bez numerowanych miejsc
249572,0,0,0,event bez numerowanych miejsc
249640,0,0,0,event bez numerowanych miejsc
248960,0,0,0,event bez numerowanych miejsc
248987,0,0,0,event bez numerowanych miejsc
249057,0,0,0,event bez numerowanych miejsc
249612,0,0,0,event bez numerowanych miejsc
249636,0,0,0,event bez numerowanych miejsc
249776,0,0,0,event bez numerowanych miejsc
248993,0,0,0,event bez numerowanych miejsc
248994,0,0,0,event bez numerowanych miejsc
249060,0,0,0,event bez numerowanych miejsc
249125,0,0,0,event bez numerowanych miejsc
249597,0,0,0,event bez numerowanych miejsc
249618,0,0,0,event bez numerowanych miejsc
249815,0,0,0,event bez numerowanych miejsc
249869,0,0,0,event bez numerowanych miejsc
249904,0,0,0,event bez numerowanych miejsc
260969,0,0,0,event bez numerowanych miejsc
249049,40,40,1,event bez numerowanych miejsc
249108,35,35,1,event bez numerowanych miejsc
249115,0,0,0,event bez numerowanych miejsc
249130,30,30,1,event bez numerowanych miejsc
249873,20,20,1,event bez numerowanych miejsc
249901,0,0,0,event bez numerowanych miejsc
248931,0,0,0,event bez numerowanych miejsc
248956,35,35,1,event bez numerowanych miejsc
248978,35,35,1,event bez numerowanych miejsc
249032,0,0,0,event bez numerowanych miejsc
249043,40,40,1,event bez numerowanych miejsc
249063,35,35,1,event bez numerowanych miejsc
249605,0,0,0,event bez numerowanych miejsc
249631,35,35,1,event bez numerowanych miejsc
249642,35,35,1,event bez numerowanych miejsc
249707,40,40,1,event bez numerowanych miejsc
249825,25,25,1,event bez numerowanych miejsc
249866,25,25,1,event bez numerowanych miejsc
249919,0,0,0,event bez numerowanych miejsc
248943,40,40,1,event bez numerowanych miejsc
249072,35,35,1,event bez numerowanych miejsc
249112,0,0,0,event bez numerowanych miejsc
249782,30,30,1,event bez numerowanych miejsc
249811,35,35,1,event bez numerowanych miejsc
249031,25,25,1,event bez numerowanych miejsc
249044,35,35,1,event bez numerowanych miejsc
249074,40,40,1,event bez numerowanych miejsc
249117,30,30,1,event bez numerowanych miejsc
249727,45,45,1,event bez numerowanych miejsc
249874,0,0,0,event bez numerowanych miejsc
248963,0,0,0,event bez numerowanych miejsc
249123,35,35,1,event bez numerowanych miejsc
249595,30,30,1,event bez numerowanych miejsc
249634,0,0,0,event bez numerowanych miejsc
249703,35,35,1,event bez numerowanych miejsc
249786,0,0,0,event bez numerowanych miejsc
249840,35,35,1,event bez numerowanych miejsc
248929,0,0,0,event bez numerowanych miejsc
248947,50,50,1,event bez numerowanych miejsc
248984,40,40,1,event bez numerowanych miejsc
249610,40,40,1,event bez numerowanych miejsc
249036,0,0,0,event bez numerowanych miejsc
249104,0,0,0,event bez numerowanych miejsc
249558,25,25,1,event bez numerowanych miejsc
249793,0,0,0,event bez numerowanych miejsc
360819,10,10,1,event bez numerowanych miejsc
248916,0,0,0,event bez numerowanych miejsc
248917,0,0,0,event bez numerowanych miejsc
249148,40,40,1,event bez numerowanych miejsc
249496,0,0,0,event bez numerowanych miejsc
249761,35,35,1,event bez numerowanych miejsc
249856,30,30,1,event bez numerowanych miejsc
249127,25,25,1,event bez numerowanych miejsc
249672,25,25,1,event bez numerowanych miejsc
249881,25,25,1,event bez numerowanych miejsc
249071,35,35,1,event bez numerowanych miejsc
249789,40,40,1,event bez numerowanych miejsc
249900,25,25,1,event bez numerowanych miejsc
249121,30,30,1,event bez numerowanych miejsc
249722,40,40,1,event bez numerowanych miejsc
249845,0,0,0,event bez numerowanych miejsc
249076,0,0,0,event bez numerowanych miejsc
249129,40,40,1,event bez numerowanych miejsc
249921,35,35,1,event bez numerowanych miejsc
249016,0,0,0,event bez numerowanych miejsc
249065,35,35,1,event bez numerowanych miejsc
249111,0,0,0,event bez numerowanych miejsc
249144,40,40,1,event bez numerowanych miejsc
249577,25,25,1,event bez numerowanych miejsc
248896,0,0,0,event bez numerowanych miejsc
249666,40,40,1,event bez numerowanych miejsc
248945,70,35,2,event bez numerowanych miejsc
249804,70,35,2,event bez numerowanych miejsc
249832,20,20,1,event bez numerowanych miejsc
249656,40,40,1,event bez numerowanych miejsc
249692,40,40,1,event bez numerowanych miejsc
249754,70,35,2,event bez numerowanych miejsc
249757,0,0,0,event bez numerowanych miejsc
249834,0,0,0,event bez numerowanych miejsc
249860,35,35,1,event bez numerowanych miejsc
248938,40,40,1,event bez numerowanych miejsc
249055,35,35,1,event bez numerowanych miejsc
249143,40,40,1,event bez numerowanych miejsc
249153,45,45,1,event bez numerowanych miejsc
249155,40,40,1,event bez numerowanych miejsc
249147,35,35,1,event bez numerowanych miejsc
249052,30,30,1,event bez numerowanych miejsc
249912,35,35,1,event bez numerowanych miejsc
249067,40,40,1,event bez numerowanych miejsc
249483,40,20,2,event bez numerowanych miejsc
249488,20,20,1,event bez numerowanych miejsc
248975,40,40,1,event bez numerowanych miejsc
249083,80,40,2,event bez numerowanych miejsc
249079,40,40,1,event bez numerowanych miejsc
249145,40,40,1,event bez numerowanych miejsc
249887,60,30,2,event bez numerowanych miejsc
248935,70,35,2,event bez numerowanych miejsc
249011,0,0,0,event bez numerowanych miejsc
249149,0,0,0,event bez numerowanych miejsc
249154,40,40,1,event bez numerowanych miejsc
249654,25,25,1,event bez numerowanych miejsc
249748,40,40,1,event bez numerowanych miejsc
249039,40,40,1,event bez numerowanych miejsc
249740,40,40,1,event bez numerowanych miejsc
249095,80,40,2,event bez numerowanych miejsc
249106,120,40,3,event bez numerowanych miejsc
248967,35,35,1,event bez numerowanych miejsc
249017,80,40,2,event bez numerowanych miejsc
249047,0,0,0,event bez numerowanych miejsc
249876,0,0,0,event bez numerowanych miejsc
248919,35,35,1,event bez numerowanych miejsc
249131,80,40,2,event bez numerowanych miejsc
249883,0,0,0,event bez numerowanych miejsc
249908,0,0,0,event bez numerowanych miejsc
249474,125,25,5,event bez numerowanych miejsc
249098,160,40,4,event bez numerowanych miejsc
388716,105,35,3,event z jadną głowna salą
249080,160,40,4,event bez numerowanych miejsc
249898,100,25,4,event bez numerowanych miejsc
249916,120,30,4,event bez numerowanych miejsc
249113,200,40,5,event bez numerowanych miejsc
249894,100,25,4,event bez numerowanych miejsc
388784,120,30,4,event bez numerowanych miejsc
249119,105,35,3,event bez numerowanych miejsc
248999,140,35,4,event bez numerowanych miejsc
249833,100,20,5,event bez numerowanych miejsc
249157,160,40,4,event bez numerowanych miejsc
249151,160,40,4,event bez numerowanych miejsc
249889,210,35,6,event bez numerowanych miejsc
249914,150,25,6,event bez numerowanych miejsc
249128,175,25,7,event bez numerowanych miejsc
249836,200,25,8,event bez numerowanych miejsc
249087,280,40,7,event bez numerowanych miejsc
249023,240,40,6,event bez numerowanych miejsc
249135,495,45,11,event bez numerowanych miejsc
249502,250,25,10,event bez numerowanych miejsc
249138,600,40,15,event bez numerowanych miejsc
304940,130,10,13,event bez numerowanych miejsc
335305,220,20,11,event bez numerowanych miejsc
394279,0,0,0,event z jadną głowna salą
338403,140,35,4,event z jadną głowna salą
409346,20,20,1,event bez numerowanych miejsc
391362,0,0,0,event z jadną głowna salą
380386,440,20,22,event bez numerowanych miejsc
347256,0,0,0,event z jadną głowna salą
353120,80,40,2,event z jadną głowna salą
360727,0,0,0,event z jadną głowna salą
371258,0,0,0,event z jadną głowna salą
307001,0,0,0,event bez numerowanych miejsc
327974,325,65,5,event bez numerowanych miejsc
435428,0,0,0,event z jadną głowna salą
395500,0,0,0,event bez numerowanych miejsc
413013,940,470,2,event bez numerowanych miejsc
414127,120,20,6,event bez numerowanych miejsc
418014,700,20,35,event bez numerowanych miejsc
423178,105,35,3,event z jadną głowna salą
436207,20,20,1,event bez numerowanych miejsc
352604,575,115,5,event z jadną głowna salą
433513,315,105,3,event bez numerowanych miejsc
435959,0,0,0,event bez numerowanych miejsc
434696,0,0,0,event bez numerowanych miejsc
335053,20,20,1,event z jadną głowna salą
330035,0,0,0,event z jadną głowna salą
308215,20,20,1,event z jadną głowna salą
317093,0,0,0,event z jadną głowna salą
308214,0,0,0,event z jadną głowna salą
386473,0,0,0,event z jadną głowna salą
386464,0,0,0,event z jadną głowna salą
426436,0,0,1,event bez numerowanych miejsc
424504,0,0,0,event bez numerowanych miejsc
424566,0,0,1,event bez numerowanych miejsc
422774,30,15,2,event bez numerowanych miejsc
424506,0,0,0,event bez numerowanych miejsc
424503,20,20,1,event bez numerowanych miejsc
422934,60,30,2,event bez numerowanych miejsc
422713,30,15,2,event bez numerowanych miejsc
422932,45,15,3,event bez numerowanych miejsc
381656,200,25,8,event bez numerowanych miejsc
340635,0,0,0,event bez numerowanych miejsc
340633,105,35,3,event bez numerowanych miejsc
340634,100,25,4,event bez numerowanych miejsc
424502,165,55,3,event bez numerowanych miejsc
381660,400,50,8,event bez numerowanych miejsc
391418,0,0,0,event bez numerowanych miejsc
430449,100,10,10,event bez numerowanych miejsc
312412,0,0,0,event bez numerowanych miejsc
381663,75,75,1,event bez numerowanych miejsc
313391,400,80,5,event bez numerowanych miejsc
381657,525,35,15,event bez numerowanych miejsc
312415,0,0,0,event bez numerowanych miejsc
312413,35,35,1,event bez numerowanych miejsc
421177,405,45,9,event bez numerowanych miejsc
421176,720,40,18,event bez numerowanych miejsc
386928,240,20,12,event z jadną głowna salą
390430,130,10,13,event z jadną głowna salą
334852,405,45,9,event z jadną głowna salą
382193,1200,400,3,event bez numerowanych miejsc
345117,0,0,0,event z jadną głowna salą
379022,600,25,24,event z jadną głowna salą
432445,0,0,9,event z jadną głowna salą
357321,500,20,25,event z jadną głowna salą
431605,80,10,8,event z jadną głowna salą
336263,270,15,18,event z jadną głowna salą
381058,150,5,30,event z jadną głowna salą
326239,440,20,22,event z jadną głowna salą
339857,210,15,14,event z jadną głowna salą
325774,230,10,23,event z jadną głowna salą
326017,190,10,19,event z jadną głowna salą
321872,0,0,0,event z jadną głowna salą
330326,360,20,18,event z jadną głowna salą
366614,0,0,15,event z jadną głowna salą
312252,360,40,9,event z jadną głowna salą
325773,140,10,14,event z jadną głowna salą
388476,80,5,16,event z jadną głowna salą
381059,95,5,19,event z jadną głowna salą
325775,170,10,17,event z jadną głowna salą
346636,375,25,15,event z jadną głowna salą
354262,30,15,2,event z jadną głowna salą
433178,0,0,0,event z jadną głowna salą
330072,70,35,2,event z jadną głowna salą
326018,80,10,8,event z jadną głowna salą
388475,25,5,5,event z jadną głowna salą
326033,105,15,7,event z jadną głowna salą
402180,10,10,1,event z jadną głowna salą
380959,560,70,8,event z jadną głowna salą
381060,0,0,0,event z jadną głowna salą
409955,0,0,0,event z jadną głowna salą
432057,0,0,0,event z jadną głowna salą
360542,0,0,0,event z jadną głowna salą
345848,0,0,0,event z jadną głowna salą
360543,0,0,0,event z jadną głowna salą
314295,70,35,2,event z jadną głowna salą
382459,225,45,5,event z jadną głowna salą
339416,0,0,0,event z jadną głowna salą
314294,10,10,1,event z jadną głowna salą
326013,1120,35,32,event z jadną głowna salą
336253,35,35,1,event z jadną głowna salą
395425,35,35,1,event z jadną głowna salą
433719,935,55,17,event z jadną głowna salą
324052,0,0,24,event z jadną głowna salą
298279,200,20,10,event z jadną głowna salą
340636,435,15,29,event z jadną głowna salą
388101,0,0,13,event z jadną głowna salą
315533,360,15,24,event z jadną głowna salą
378514,600,25,24,event z jadną głowna salą
298281,300,15,20,event z jadną głowna salą
298275,200,10,20,event z jadną głowna salą
388098,0,0,24,event z jadną głowna salą
319685,0,0,24,event z jadną głowna salą
360657,270,10,27,event z jadną głowna salą
298276,170,10,17,event z jadną głowna salą
388545,0,0,11,event z jadną głowna salą
424542,25,5,5,event bez numerowanych miejsc
340417,0,0,7,event z jadną głowna salą
346287,220,10,22,event z jadną głowna salą
372314,0,0,21,event z jadną głowna salą
349924,380,20,19,event z jadną głowna salą
343963,220,10,22,event z jadną głowna salą
298278,90,10,9,event z jadną głowna salą
345095,525,25,21,event z jadną głowna salą
298280,200,20,10,event z jadną głowna salą
372329,600,40,15,event z jadną głowna salą
298277,130,10,13,event z jadną głowna salą
423461,15,5,3,event bez numerowanych miejsc
421437,65,5,13,event bez numerowanych miejsc
298282,220,20,11,event z jadną głowna salą
420834,25,5,5,event bez numerowanych miejsc
421546,60,5,12,event bez numerowanych miejsc
372353,0,0,0,event z jadną głowna salą
421975,0,0,0,event bez numerowanych miejsc
413899,0,0,0,event bez numerowanych miejsc
413900,0,0,0,event bez numerowanych miejsc
413930,0,0,0,event bez numerowanych miejsc
413881,0,0,0,event bez numerowanych miejsc
412776,0,0,0,event bez numerowanych miejsc
345774,0,0,0,event bez numerowanych miejsc
345776,0,0,0,event bez numerowanych miejsc
345788,0,0,0,event bez numerowanych miejsc
353163,25,25,1,event bez numerowanych miejsc
334540,0,0,0,event bez numerowanych miejsc
314643,360,45,8,event bez numerowanych miejsc
420631,765,45,17,event bez numerowanych miejsc
383273,3600,80,45,event z jadną głowna salą
430808,60,10,6,event z jadną głowna salą
333468,120,10,12,event z jadną głowna salą
269139,200,10,20,event z jadną głowna salą
433324,300,75,4,event z jadną głowna salą
384022,0,0,0,event z jadną głowna salą
381601,26640,240,111,event bez numerowanych miejsc
346330,210,10,21,event z jadną głowna salą
421765,0,0,0,event bez numerowanych miejsc
421584,220,220,1,event bez numerowanych miejsc
421764,140,140,1,event bez numerowanych miejsc
421582,175,175,1,event bez numerowanych miejsc
338635,190,10,19,event z jadną głowna salą
401768,275,275,1,event bez numerowanych miejsc
338634,220,10,22,event z jadną głowna salą
421580,310,310,1,event bez numerowanych miejsc
314567,920,20,46,event z jadną głowna salą
401764,390,390,1,event bez numerowanych miejsc
382027,30,30,1,event bez numerowanych miejsc
354049,190,10,19,event z jadną głowna salą
421673,0,0,0,event bez numerowanych miejsc
421675,0,0,0,event bez numerowanych miejsc
421670,0,0,0,event bez numerowanych miejsc
346313,225,15,15,event z jadną głowna salą
360693,190,10,19,event z jadną głowna salą
379645,320,20,16,event z jadną głowna salą
385356,170,10,17,event z jadną głowna salą
317143,200,50,4,event bez numerowanych miejsc
394091,130,10,13,event z jadną głowna salą
319714,475,25,19,event z jadną głowna salą
346329,130,10,13,event z jadną głowna salą
327315,190,10,19,event z jadną głowna salą
334013,130,10,13,event z jadną głowna salą
390638,380,20,19,event z jadną głowna salą
382021,0,0,0,event bez numerowanych miejsc
382023,0,0,0,event bez numerowanych miejsc
272579,10,10,1,event bez numerowanych miejsc
300111,10,10,1,event bez numerowanych miejsc
272578,10,10,1,event bez numerowanych miejsc
272580,10,10,1,event bez numerowanych miejsc
269439,50,10,5,event bez numerowanych miejsc
272581,40,10,4,event bez numerowanych miejsc
384686,140,10,14,event z jadną głowna salą
422437,20,20,1,event bez numerowanych miejsc
387243,150,10,15,event z jadną głowna salą
325479,120,10,12,event z jadną głowna salą
382011,0,0,0,event bez numerowanych miejsc
334012,140,10,14,event z jadną głowna salą
422417,40,20,2,event z jadną głowna salą
382117,0,0,13,event z jadną głowna salą
378530,25,25,1,event bez numerowanych miejsc
314698,40,10,4,event bez numerowanych miejsc
330508,140,10,14,event z jadną głowna salą
421576,0,0,0,event bez numerowanych miejsc
307338,60,10,6,event bez numerowanych miejsc
380954,300,30,10,event z jadną głowna salą
330491,10,10,1,event bez numerowanych miejsc
317092,0,0,0,event bez numerowanych miejsc
317177,80,10,8,event bez numerowanych miejsc
435204,0,0,8,event z jadną głowna salą
309970,30,10,3,event bez numerowanych miejsc
310509,110,10,11,event bez numerowanych miejsc
338937,40,10,4,event z jadną głowna salą
385358,40,10,4,event z jadną głowna salą
434698,90,30,3,event z jadną głowna salą
384687,180,5,36,event z jadną głowna salą
381672,40,10,4,event z jadną głowna salą
384728,45,15,3,event z jadną głowna salą
427281,0,0,0,event bez numerowanych miejsc
327036,40,10,4,event z jadną głowna salą
386211,0,0,2,event z jadną głowna salą
385546,0,0,2,event z jadną głowna salą
313016,40,10,4,event bez numerowanych miejsc
317184,130,10,13,event bez numerowanych miejsc
382025,30,15,2,event z jadną głowna salą
433315,0,0,0,event z jadną głowna salą
390882,0,0,0,event z jadną głowna salą
346328,0,0,0,event z jadną głowna salą
378543,0,0,0,event z jadną głowna salą
393560,225,15,15,event bez numerowanych miejsc
390881,0,0,0,event z jadną głowna salą
433662,60,15,4,event bez numerowanych miejsc
435580,0,0,0,event bez numerowanych miejsc
435005,0,0,0,event bez numerowanych miejsc
436655,15,15,1,event bez numerowanych miejsc
423447,0,0,0,event bez numerowanych miejsc
421395,20,10,2,event bez numerowanych miejsc
419663,0,0,0,event bez numerowanych miejsc
434977,260,20,13,event bez numerowanych miejsc
421368,150,10,15,event bez numerowanych miejsc
423087,525,15,35,event bez numerowanych miejsc
419525,0,0,0,event bez numerowanych miejsc
420992,230,230,1,event bez numerowanych miejsc
427459,235,235,1,event bez numerowanych miejsc
420990,0,0,0,event bez numerowanych miejsc
420991,250,250,1,event bez numerowanych miejsc
433452,95,95,1,event bez numerowanych miejsc
423560,35,35,1,event bez numerowanych miejsc
419406,40,40,1,event bez numerowanych miejsc
419526,40,40,1,event bez numerowanych miejsc
419404,0,0,0,event bez numerowanych miejsc
419522,0,0,0,event bez numerowanych miejsc
423568,0,0,0,event bez numerowanych miejsc
419405,40,40,1,event bez numerowanych miejsc
419504,0,0,0,event bez numerowanych miejsc
423559,35,35,1,event bez numerowanych miejsc
423569,40,40,1,event bez numerowanych miejsc
433532,0,0,0,event bez numerowanych miejsc
419503,40,40,1,event bez numerowanych miejsc
419505,40,40,1,event bez numerowanych miejsc
419507,40,40,1,event bez numerowanych miejsc
419554,35,35,1,event bez numerowanych miejsc
419506,40,40,1,event bez numerowanych miejsc
419523,40,40,1,event bez numerowanych miejsc
419524,40,40,1,event bez numerowanych miejsc
419555,0,0,0,event bez numerowanych miejsc
419557,40,40,1,event bez numerowanych miejsc
419556,45,45,1,event bez numerowanych miejsc
419521,90,45,2,event bez numerowanych miejsc
385297,360,30,12,event z jadną głowna salą
423570,0,0,0,event bez numerowanych miejsc
427514,0,0,0,event bez numerowanych miejsc
427515,0,0,0,event bez numerowanych miejsc
426360,0,0,0,event bez numerowanych miejsc
426359,25,25,1,event bez numerowanych miejsc
421258,35,35,1,event bez numerowanych miejsc
426358,30,30,1,event bez numerowanych miejsc
427614,0,0,0,event bez numerowanych miejsc
427509,0,0,0,event bez numerowanych miejsc
427396,30,30,1,event bez numerowanych miejsc
427398,30,30,1,event bez numerowanych miejsc
427023,0,0,0,event bez numerowanych miejsc
421771,80,40,2,event bez numerowanych miejsc
385298,330,30,11,event z jadną głowna salą
269444,15,15,1,event z jadną głowna salą
323515,0,0,0,event z jadną głowna salą
421772,20,20,1,event bez numerowanych miejsc
408669,30,30,1,event bez numerowanych miejsc
408668,80,40,2,event bez numerowanych miejsc
315439,100,20,5,event bez numerowanych miejsc
397748,60,30,2,event bez numerowanych miejsc
390636,0,0,0,event bez numerowanych miejsc
310520,20,20,1,event bez numerowanych miejsc
402854,20,20,1,event bez numerowanych miejsc
344969,20,20,1,event bez numerowanych miejsc
326675,0,0,0,event bez numerowanych miejsc
348413,20,20,1,event bez numerowanych miejsc
398559,75,25,3,event bez numerowanych miejsc
337596,40,20,2,event bez numerowanych miejsc
329559,80,20,4,event bez numerowanych miejsc
397944,225,25,9,event bez numerowanych miejsc
397749,280,35,8,event bez numerowanych miejsc
407898,0,0,0,event bez numerowanych miejsc
340173,160,20,8,event bez numerowanych miejsc
268088,75,25,3,event bez numerowanych miejsc
391022,0,0,0,event bez numerowanych miejsc
391021,0,0,0,event bez numerowanych miejsc
391001,0,0,0,event bez numerowanych miejsc
375685,1610,70,23,event z jadną głowna salą
412803,0,0,0,event bez numerowanych miejsc
370819,1320,60,22,event bez numerowanych miejsc
296594,0,0,0,event bez numerowanych miejsc
269239,480,240,2,event bez numerowanych miejsc
350035,2040,170,12,event bez numerowanych miejsc
330434,750,150,5,event bez numerowanych miejsc
382754,930,155,6,event bez numerowanych miejsc
355350,0,0,0,event bez numerowanych miejsc
369486,0,0,0,event bez numerowanych miejsc
305673,0,0,0,event bez numerowanych miejsc
366841,320,160,2,event bez numerowanych miejsc
259339,0,0,0,event bez numerowanych miejsc
427729,0,0,0,event bez numerowanych miejsc
413017,0,0,0,event bez numerowanych miejsc
420370,0,0,1,event bez numerowanych miejsc
386225,300,25,12,event z jadną głowna salą
315896,525,35,15,event z jadną głowna salą
344369,20,20,1,event z jadną głowna salą
323582,45,15,3,event z jadną głowna salą
262352,0,0,13,event z jadną głowna salą
281806,55,5,11,event z jadną głowna salą
367888,140,35,4,event z jadną głowna salą
361852,160,20,8,event z jadną głowna salą
377465,120,40,3,event z jadną głowna salą
262363,0,0,12,event z jadną głowna salą
412449,35,35,1,event bez numerowanych miejsc
269369,0,0,14,event z jadną głowna salą
340594,0,0,0,event bez numerowanych miejsc
417960,35,35,1,event bez numerowanych miejsc
417961,70,35,2,event bez numerowanych miejsc
417962,35,35,1,event bez numerowanych miejsc
323580,30,15,2,event z jadną głowna salą
409041,80,40,2,event bez numerowanych miejsc
323581,30,15,2,event z jadną głowna salą
431662,0,0,0,event bez numerowanych miejsc
433486,0,0,0,event bez numerowanych miejsc
422347,40,40,1,event bez numerowanych miejsc
314650,335,335,1,event bez numerowanych miejsc
332917,410,410,1,event bez numerowanych miejsc
432280,120,120,1,event bez numerowanych miejsc
304355,750,375,2,event bez numerowanych miejsc
307560,810,405,2,event bez numerowanych miejsc
324520,430,430,1,event bez numerowanych miejsc
416067,70,35,2,event bez numerowanych miejsc
417963,70,35,2,event bez numerowanych miejsc
378958,0,0,0,event bez numerowanych miejsc
361089,0,0,0,event bez numerowanych miejsc
403249,365,365,1,event bez numerowanych miejsc
377469,175,35,5,event z jadną głowna salą
269368,0,0,10,event z jadną głowna salą
303779,55,5,11,event z jadną głowna salą
321670,585,195,3,event bez numerowanych miejsc
377470,140,35,4,event z jadną głowna salą
367898,35,35,1,event z jadną głowna salą
386981,105,35,3,event bez numerowanych miejsc
402788,40,20,2,event bez numerowanych miejsc
334907,80,20,4,event z jadną głowna salą
334905,100,25,4,event z jadną głowna salą
334906,100,25,4,event z jadną głowna salą
370206,140,35,4,event bez numerowanych miejsc
390543,380,20,19,event z jadną głowna salą
392545,45,15,3,event bez numerowanych miejsc
269253,0,0,0,event bez numerowanych miejsc
423576,0,0,0,event bez numerowanych miejsc
407853,0,0,0,event bez numerowanych miejsc
399665,30,30,1,event bez numerowanych miejsc
398687,30,30,1,event bez numerowanych miejsc
399726,30,30,1,event bez numerowanych miejsc
367890,60,30,2,event z jadną głowna salą
377240,60,30,2,event bez numerowanych miejsc
316121,160,40,4,event bez numerowanych miejsc
369719,105,35,3,event bez numerowanych miejsc
377570,120,30,4,event z jadną głowna salą
377468,70,35,2,event z jadną głowna salą
377466,70,35,2,event z jadną głowna salą
367892,35,35,1,event z jadną głowna salą
367899,35,35,1,event z jadną głowna salą
380257,10,10,1,event bez numerowanych miejsc
398162,30,30,1,event bez numerowanych miejsc
378937,30,30,1,event bez numerowanych miejsc
391215,30,30,1,event bez numerowanych miejsc
345841,30,15,2,event bez numerowanych miejsc
392410,175,35,5,event bez numerowanych miejsc
296792,50,5,10,event z jadną głowna salą
367894,35,35,1,event z jadną głowna salą
315286,405,45,9,event z jadną głowna salą
387779,70,35,2,event bez numerowanych miejsc
387777,240,40,6,event bez numerowanych miejsc
367891,25,25,1,event z jadną głowna salą
377467,40,40,1,event z jadną głowna salą
416522,0,0,0,event bez numerowanych miejsc
367893,35,35,1,event z jadną głowna salą
296791,0,0,6,event z jadną głowna salą
394183,175,35,5,event bez numerowanych miejsc
303778,50,5,10,event z jadną głowna salą
367897,0,0,0,event z jadną głowna salą
387778,200,40,5,event bez numerowanych miejsc
390446,330,30,11,event z jadną głowna salą
367896,0,0,0,event z jadną głowna salą
367895,0,0,0,event z jadną głowna salą
262269,30,5,6,event z jadną głowna salą
309447,0,0,0,event bez numerowanych miejsc
409438,0,0,0,event bez numerowanych miejsc
355002,0,0,0,event bez numerowanych miejsc
408785,0,0,0,event bez numerowanych miejsc
308179,0,0,0,event bez numerowanych miejsc
402181,0,0,0,event bez numerowanych miejsc
380958,15,15,1,event bez numerowanych miejsc
316120,0,0,0,event bez numerowanych miejsc
340357,15,15,1,event bez numerowanych miejsc
263333,15,15,1,event bez numerowanych miejsc
330603,0,0,0,event bez numerowanych miejsc
397600,30,30,1,event bez numerowanych miejsc
330608,15,15,1,event bez numerowanych miejsc
343857,0,0,0,event bez numerowanych miejsc
340856,30,30,1,event bez numerowanych miejsc
386976,30,30,1,event bez numerowanych miejsc
357963,30,30,1,event bez numerowanych miejsc
391214,70,35,2,event bez numerowanych miejsc
382331,70,35,2,event bez numerowanych miejsc
397741,210,70,3,event bez numerowanych miejsc
306169,210,30,7,event bez numerowanych miejsc
326454,150,25,6,event bez numerowanych miejsc
335893,210,35,6,event bez numerowanych miejsc
314376,15,5,3,event z jadną głowna salą
408426,0,0,0,event bez numerowanych miejsc
399705,60,30,2,event bez numerowanych miejsc
334235,30,15,2,event bez numerowanych miejsc
386975,80,10,8,event bez numerowanych miejsc
398198,70,10,7,event bez numerowanych miejsc
390546,300,20,15,event z jadną głowna salą
408026,0,0,0,event bez numerowanych miejsc
399752,30,30,1,event bez numerowanych miejsc
393558,30,30,1,event bez numerowanych miejsc
315601,0,0,0,event z jadną głowna salą
354018,10,10,1,event bez numerowanych miejsc
388688,60,60,1,event bez numerowanych miejsc
408286,100,10,10,event bez numerowanych miejsc
325746,0,0,0,event z jadną głowna salą
339614,0,0,0,event z jadną głowna salą
354447,225,25,9,event bez numerowanych miejsc
306365,225,25,9,event bez numerowanych miejsc
325744,0,0,0,event z jadną głowna salą
325745,0,0,0,event z jadną głowna salą
314377,0,0,0,event z jadną głowna salą
330012,0,0,0,event z jadną głowna salą
330994,0,0,0,event z jadną głowna salą
396628,660,60,11,event bez numerowanych miejsc
321738,0,0,0,event z jadną głowna salą
326883,0,0,0,event z jadną głowna salą
427738,0,0,0,event bez numerowanych miejsc
433423,0,0,0,event bez numerowanych miejsc
428287,0,0,0,event bez numerowanych miejsc
431462,0,0,0,event bez numerowanych miejsc
427451,0,0,0,event bez numerowanych miejsc
427640,0,0,0,event bez numerowanych miejsc
338657,520,40,13,event bez numerowanych miejsc
337010,330,30,11,event bez numerowanych miejsc
317687,1480,40,37,event z jadną głowna salą
388771,0,0,0,event bez numerowanych miejsc
388689,0,0,0,event bez numerowanych miejsc
258923,0,0,0,event z jadną głowna salą
301655,1215,45,27,event bez numerowanych miejsc
325192,0,0,0,event z jadną głowna salą
383832,0,0,0,event bez numerowanych miejsc
305892,0,0,0,event bez numerowanych miejsc
371842,60,30,2,event bez numerowanych miejsc
418780,0,0,0,event bez numerowanych miejsc
393076,0,0,0,event bez numerowanych miejsc
371936,160,40,4,event bez numerowanych miejsc
391274,0,0,33,event bez numerowanych miejsc
315829,1680,35,48,event bez numerowanych miejsc
434962,0,0,0,event bez numerowanych miejsc
391023,0,0,0,event z jadną głowna salą
304503,0,0,0,event bez numerowanych miejsc
307524,120,30,4,event bez numerowanych miejsc
376559,125,25,5,event bez numerowanych miejsc
330632,400,40,10,event bez numerowanych miejsc
388641,0,0,0,event z jadną głowna salą
307311,2790,45,62,event bez numerowanych miejsc
379642,5225,95,55,event bez numerowanych miejsc
336667,5100,85,60,event bez numerowanych miejsc
347867,6300,90,70,event bez numerowanych miejsc
307002,480,120,4,event bez numerowanych miejsc
358391,60,10,6,event bez numerowanych miejsc
358390,70,10,7,event bez numerowanych miejsc
422935,0,0,0,event bez numerowanych miejsc
421351,0,0,0,event bez numerowanych miejsc
388696,3600,60,60,event bez numerowanych miejsc
419373,140,5,28,event bez numerowanych miejsc
335704,0,0,0,event bez numerowanych miejsc
387053,480,160,3,event bez numerowanych miejsc
347040,6000,20,300,event bez numerowanych miejsc
347163,5265,15,351,event bez numerowanych miejsc
348118,3750,15,250,event bez numerowanych miejsc
349659,7500,20,375,event bez numerowanych miejsc
352192,3750,15,250,event bez numerowanych miejsc
317686,2520,70,36,event bez numerowanych miejsc
369431,560,35,16,event z jadną głowna salą
270296,2125,25,85,event z jadną głowna salą
267314,0,0,0,event z jadną głowna salą
361759,1540,70,22,event bez numerowanych miejsc
308556,30,15,2,event bez numerowanych miejsc
321735,15,15,1,event bez numerowanych miejsc
338360,120,20,6,event bez numerowanych miejsc
307727,0,0,0,event z jadną głowna salą
323744,165,5,33,event z jadną głowna salą
340383,690,15,46,event z jadną głowna salą
268939,560,20,28,event z jadną głowna salą
332869,195,5,39,event z jadną głowna salą
316694,0,0,27,event z jadną głowna salą
338746,135,5,27,event z jadną głowna salą
338745,175,5,35,event z jadną głowna salą
370364,120,5,24,event z jadną głowna salą
298317,600,20,30,event z jadną głowna salą
338747,155,5,31,event z jadną głowna salą
310500,0,0,20,event z jadną głowna salą
307206,100,5,20,event z jadną głowna salą
318621,0,0,18,event z jadną głowna salą
378822,15,5,3,event z jadną głowna salą
353081,0,0,0,event z jadną głowna salą
378820,5,5,1,event z jadną głowna salą
378821,5,5,1,event z jadną głowna salą
409918,600,20,30,event bez numerowanych miejsc
431463,450,25,18,event z jadną głowna salą
315405,1750,50,35,event z jadną głowna salą
307678,460,20,23,event z jadną głowna salą
379237,420,20,21,event z jadną głowna salą
319575,1650,55,30,event z jadną głowna salą
432481,225,15,15,event z jadną głowna salą
316707,150,50,3,event bez numerowanych miejsc
429455,325,25,13,event z jadną głowna salą
430419,270,30,9,event z jadną głowna salą
432733,240,30,8,event z jadną głowna salą
339908,150,50,3,event bez numerowanych miejsc
353190,0,0,20,event z jadną głowna salą
429454,200,25,8,event z jadną głowna salą
430418,315,45,7,event z jadną głowna salą
429456,0,0,0,event z jadną głowna salą
308642,525,35,15,event z jadną głowna salą
299382,190,10,19,event z jadną głowna salą
309241,195,15,13,event z jadną głowna salą
422733,0,0,0,event z jadną głowna salą
353122,75,25,3,event z jadną głowna salą
352422,0,0,0,event z jadną głowna salą
383075,80,40,2,event bez numerowanych miejsc
400752,1740,60,29,event bez numerowanych miejsc
308823,70,70,1,event z jadną głowna salą
308826,80,80,1,event z jadną głowna salą
308816,65,65,1,event z jadną głowna salą
304056,450,45,10,event z jadną głowna salą
304058,360,40,9,event z jadną głowna salą
329913,280,40,7,event z jadną głowna salą
329947,70,35,2,event z jadną głowna salą
308701,495,45,11,event z jadną głowna salą
327156,35,35,1,event z jadną głowna salą
329923,50,25,2,event z jadną głowna salą
345019,135,45,3,event z jadną głowna salą
348818,90,45,2,event z jadną głowna salą
329917,540,45,12,event z jadną głowna salą
329925,75,25,3,event z jadną głowna salą
329910,200,40,5,event z jadną głowna salą
308574,20,20,1,event z jadną głowna salą
336512,105,35,3,event z jadną głowna salą
345015,20,20,1,event z jadną głowna salą
329918,245,35,7,event z jadną głowna salą
329927,0,0,0,event z jadną głowna salą
345014,20,20,1,event z jadną głowna salą
336513,200,40,5,event z jadną głowna salą
348820,105,35,3,event z jadną głowna salą
308313,105,35,3,event z jadną głowna salą
308784,50,10,5,event z jadną głowna salą
329916,680,40,17,event z jadną głowna salą
308312,0,0,0,event z jadną głowna salą
308314,60,30,2,event z jadną głowna salą
334017,120,20,6,event z jadną głowna salą
308317,0,0,0,event z jadną głowna salą
355208,1320,55,24,event z jadną głowna salą
308315,0,0,0,event z jadną głowna salą
308329,0,0,0,event z jadną głowna salą
329912,400,40,10,event z jadną głowna salą
393438,180,45,4,event bez numerowanych miejsc
308589,0,0,0,event z jadną głowna salą
308588,0,0,0,event z jadną głowna salą
308785,10,10,1,event z jadną głowna salą
314385,180,45,4,event bez numerowanych miejsc
348823,0,0,0,event z jadną głowna salą
325279,225,45,5,event bez numerowanych miejsc
314386,270,45,6,event bez numerowanych miejsc
348822,0,0,0,event z jadną głowna salą
317572,270,45,6,event bez numerowanych miejsc
323399,70,10,7,event bez numerowanych miejsc
415709,320,20,16,event bez numerowanych miejsc
415712,460,20,23,event bez numerowanych miejsc
415713,360,20,18,event bez numerowanych miejsc
386929,450,45,10,event z jadną głowna salą
327950,1160,145,8,event z jadną głowna salą
365472,3280,80,41,event z jadną głowna salą
326121,550,110,5,event z jadną głowna salą
258117,210,35,6,event z jadną głowna salą
307535,3300,60,55,event z jadną głowna salą
344796,3225,75,43,event z jadną głowna salą
326215,4050,75,54,event z jadną głowna salą
361096,2625,75,35,event z jadną głowna salą
363993,2520,60,42,event z jadną głowna salą
325327,2535,65,39,event z jadną głowna salą
338098,1600,50,32,event z jadną głowna salą
361800,1250,50,25,event z jadną głowna salą
267183,1400,50,28,event z jadną głowna salą
297668,105,15,7,event z jadną głowna salą
301616,0,0,0,event z jadną głowna salą
429303,40,10,4,event z jadną głowna salą
421577,0,0,0,event bez numerowanych miejsc
431455,0,0,0,event z jadną głowna salą
421574,210,15,14,event bez numerowanych miejsc
421178,0,0,0,event bez numerowanych miejsc
421188,0,0,0,event bez numerowanych miejsc
352466,0,0,0,event bez numerowanych miejsc
368602,250,125,2,event bez numerowanych miejsc
329844,345,15,23,event z jadną głowna salą
329843,270,15,18,event z jadną głowna salą
378058,2465,85,29,event z jadną głowna salą
360683,20,5,4,event z jadną głowna salą
364668,10,10,1,event z jadną głowna salą
384003,0,0,0,event z jadną głowna salą
344011,200,40,5,event z jadną głowna salą
365516,240,30,8,event z jadną głowna salą
369165,330,30,11,event z jadną głowna salą
378704,495,45,11,event z jadną głowna salą
381056,1035,45,23,event z jadną głowna salą
334152,240,30,8,event z jadną głowna salą
369164,180,30,6,event z jadną głowna salą
370723,350,50,7,event z jadną głowna salą
327544,0,0,0,event z jadną głowna salą
369166,75,25,3,event z jadną głowna salą
313646,25,25,1,event bez numerowanych miejsc
333970,60,30,2,event bez numerowanych miejsc
334231,280,35,8,event bez numerowanych miejsc
369167,25,25,1,event z jadną głowna salą
368338,2990,115,26,event z jadną głowna salą
433414,0,0,0,event z jadną głowna salą
297626,0,0,0,event bez numerowanych miejsc
382616,150,30,5,event bez numerowanych miejsc
317573,200,40,5,event z jadną głowna salą
306366,640,40,16,event bez numerowanych miejsc
386060,1500,60,25,event bez numerowanych miejsc
314672,380,95,4,event z jadną głowna salą
322850,85,85,1,event z jadną głowna salą
357810,65,65,1,event z jadną głowna salą
270420,0,0,0,event bez numerowanych miejsc
272459,0,0,0,event bez numerowanych miejsc
269254,40,20,2,event bez numerowanych miejsc
361810,100,50,2,event bez numerowanych miejsc
368761,0,0,0,event bez numerowanych miejsc
368763,0,0,0,event bez numerowanych miejsc
368760,35,35,1,event bez numerowanych miejsc
267728,140,140,1,event bez numerowanych miejsc
267849,50,50,1,event bez numerowanych miejsc
361484,50,50,1,event bez numerowanych miejsc
361819,15,15,1,event bez numerowanych miejsc
267915,50,50,1,event bez numerowanych miejsc
361809,50,50,1,event bez numerowanych miejsc
361817,100,100,1,event bez numerowanych miejsc
268212,120,60,2,event bez numerowanych miejsc
361698,400,400,1,event bez numerowanych miejsc
361688,0,0,0,event bez numerowanych miejsc
412413,10,10,1,event bez numerowanych miejsc
361818,25,25,1,event bez numerowanych miejsc
412361,20,10,2,event bez numerowanych miejsc
412349,30,30,1,event bez numerowanych miejsc
412338,330,165,2,event bez numerowanych miejsc
412356,0,0,0,event bez numerowanych miejsc
412336,40,40,1,event bez numerowanych miejsc
412346,20,20,1,event bez numerowanych miejsc
412347,900,450,2,event bez numerowanych miejsc
267889,0,0,0,event bez numerowanych miejsc
267906,75,25,3,event bez numerowanych miejsc
267910,75,25,3,event bez numerowanych miejsc
268063,30,30,1,event bez numerowanych miejsc
361695,25,25,1,event bez numerowanych miejsc
267832,0,0,0,event bez numerowanych miejsc
268213,30,30,1,event bez numerowanych miejsc
361697,0,0,0,event bez numerowanych miejsc
267328,35,35,1,event bez numerowanych miejsc
361693,120,120,1,event bez numerowanych miejsc
361700,0,0,0,event bez numerowanych miejsc
267940,0,0,0,event bez numerowanych miejsc
268210,0,0,0,event bez numerowanych miejsc
267916,0,0,0,event bez numerowanych miejsc
268108,50,50,1,event bez numerowanych miejsc
361812,35,35,1,event bez numerowanych miejsc
267880,35,35,1,event bez numerowanych miejsc
267330,35,35,1,event bez numerowanych miejsc
361137,50,50,1,event bez numerowanych miejsc
412360,60,15,4,event bez numerowanych miejsc
267332,0,0,0,event bez numerowanych miejsc
368604,0,0,0,event bez numerowanych miejsc
412329,0,0,0,event bez numerowanych miejsc
412343,0,0,0,event bez numerowanych miejsc
268064,0,0,0,event bez numerowanych miejsc
412339,5,5,1,event bez numerowanych miejsc
412332,10,10,1,event bez numerowanych miejsc
412337,45,15,3,event bez numerowanych miejsc
412335,45,15,3,event bez numerowanych miejsc
267882,315,35,9,event bez numerowanych miejsc
267835,135,45,3,event bez numerowanych miejsc
267836,40,40,1,event bez numerowanych miejsc
267833,135,45,3,event bez numerowanych miejsc
267843,315,45,7,event bez numerowanych miejsc
361138,495,55,9,event bez numerowanych miejsc
361487,400,50,8,event bez numerowanych miejsc
361139,495,55,9,event bez numerowanych miejsc
361896,360,45,8,event bez numerowanych miejsc
361485,550,55,10,event bez numerowanych miejsc
267850,315,45,7,event bez numerowanych miejsc
267839,225,45,5,event bez numerowanych miejsc
268062,0,0,0,event bez numerowanych miejsc
267727,0,0,0,event bez numerowanych miejsc
267914,0,0,0,event bez numerowanych miejsc
267886,0,0,0,event bez numerowanych miejsc
268033,0,0,0,event bez numerowanych miejsc
267890,0,0,0,event bez numerowanych miejsc
268219,0,0,0,event bez numerowanych miejsc
267837,0,0,0,event bez numerowanych miejsc
267855,0,0,0,event bez numerowanych miejsc
267913,0,0,0,event bez numerowanych miejsc
267974,0,0,0,event bez numerowanych miejsc
268061,0,0,0,event bez numerowanych miejsc
267883,15,15,1,event bez numerowanych miejsc
267885,15,15,1,event bez numerowanych miejsc
267919,25,25,1,event bez numerowanych miejsc
267858,15,15,1,event bez numerowanych miejsc
267952,40,40,1,event bez numerowanych miejsc
267331,60,60,1,event bez numerowanych miejsc
268265,30,15,2,event bez numerowanych miejsc
267884,40,40,1,event bez numerowanych miejsc
267876,10,5,2,event bez numerowanych miejsc
361803,0,0,0,event bez numerowanych miejsc
361844,0,0,0,event bez numerowanych miejsc
361691,0,0,0,event bez numerowanych miejsc
361815,0,0,0,event bez numerowanych miejsc
361486,15,15,1,event bez numerowanych miejsc
268209,0,0,0,event bez numerowanych miejsc
267893,0,0,0,event bez numerowanych miejsc
268273,0,0,0,event bez numerowanych miejsc
267911,15,15,1,event bez numerowanych miejsc
268111,0,0,0,event bez numerowanych miejsc
360541,0,0,0,event bez numerowanych miejsc
270386,245,35,7,event z jadną głowna salą
270385,385,35,11,event z jadną głowna salą
313271,35,35,1,event z jadną głowna salą
367862,20,20,1,event z jadną głowna salą
309737,35,35,1,event z jadną głowna salą
352296,30,30,1,event z jadną głowna salą
330069,70,35,2,event z jadną głowna salą
367863,25,25,1,event z jadną głowna salą
330068,60,30,2,event z jadną głowna salą
386789,0,0,0,event z jadną głowna salą
309736,70,35,2,event z jadną głowna salą
332866,60,30,2,event z jadną głowna salą
259623,120,30,4,event z jadną głowna salą
326313,270,45,6,event z jadną głowna salą
337634,280,35,8,event z jadną głowna salą
337636,280,35,8,event z jadną głowna salą
313796,0,0,0,event z jadną głowna salą
321705,30,15,2,event z jadną głowna salą
352200,40,20,2,event z jadną głowna salą
321703,0,0,0,event z jadną głowna salą
434854,0,0,0,event bez numerowanych miejsc
433415,0,0,0,event bez numerowanych miejsc
318696,360,60,6,event bez numerowanych miejsc
423321,0,0,0,event bez numerowanych miejsc
341816,225,25,9,event bez numerowanych miejsc
385016,315,35,9,event bez numerowanych miejsc
412915,0,0,10,event bez numerowanych miejsc
403209,0,0,0,event bez numerowanych miejsc
366639,0,0,0,event bez numerowanych miejsc
360701,1500,50,30,event bez numerowanych miejsc
326486,180,90,2,event bez numerowanych miejsc
386101,0,0,0,event bez numerowanych miejsc
383189,175,35,5,event bez numerowanych miejsc
260461,0,0,0,event bez numerowanych miejsc
433325,150,150,1,event bez numerowanych miejsc
433326,150,150,1,event bez numerowanych miejsc
378380,0,0,0,event bez numerowanych miejsc
382028,0,0,0,event bez numerowanych miejsc
392141,900,75,12,event bez numerowanych miejsc
415589,0,0,0,event bez numerowanych miejsc
415101,0,0,0,event bez numerowanych miejsc
408811,150,50,3,event z jadną głowna salą
284077,650,50,13,event z jadną głowna salą
334632,175,25,7,event z jadną głowna salą
348117,2030,70,29,event z jadną głowna salą
313139,460,20,23,event z jadną głowna salą
423645,0,0,0,event z jadną głowna salą
381488,420,15,28,event z jadną głowna salą
381489,450,15,30,event z jadną głowna salą
381496,0,0,0,event bez numerowanych miejsc
381492,15,15,1,event bez numerowanych miejsc
381608,15,15,1,event bez numerowanych miejsc
313140,520,20,26,event z jadną głowna salą
433641,315,45,7,event z jadną głowna salą
318279,0,0,0,event z jadną głowna salą
334004,50,10,5,event z jadną głowna salą
423647,0,0,0,event bez numerowanych miejsc
334006,40,10,4,event z jadną głowna salą
318280,35,35,1,event z jadną głowna salą
381495,0,0,0,event bez numerowanych miejsc
381514,25,25,1,event bez numerowanych miejsc
381494,15,15,1,event bez numerowanych miejsc
313157,0,0,0,event z jadną głowna salą
313156,0,0,0,event z jadną głowna salą
399252,1020,85,12,event bez numerowanych miejsc
358027,0,0,0,event bez numerowanych miejsc
378505,340,170,2,event bez numerowanych miejsc
365365,560,280,2,event z jadną głowna salą
335512,0,0,0,event bez numerowanych miejsc
371934,0,0,0,event bez numerowanych miejsc
436445,0,0,0,event bez numerowanych miejsc
435847,30,10,3,event bez numerowanych miejsc
433686,0,0,0,event bez numerowanych miejsc
417990,0,0,0,event bez numerowanych miejsc
433492,40,10,4,event bez numerowanych miejsc
433342,0,0,0,event bez numerowanych miejsc
313270,70,35,2,event z jadną głowna salą
314893,0,0,0,event z jadną głowna salą
349833,40,40,1,event z jadną głowna salą
319137,40,5,8,event bez numerowanych miejsc
427530,0,0,0,event bez numerowanych miejsc
315287,0,0,0,event bez numerowanych miejsc
421406,60,30,2,event bez numerowanych miejsc
412914,0,0,13,event bez numerowanych miejsc
322764,300,25,12,event bez numerowanych miejsc
333237,0,0,0,event bez numerowanych miejsc
418700,280,140,2,event bez numerowanych miejsc
364099,660,30,22,event z jadną głowna salą
326649,160,80,2,event bez numerowanych miejsc
326650,0,0,0,event bez numerowanych miejsc
333246,0,0,0,event bez numerowanych miejsc
315683,0,0,0,event bez numerowanych miejsc
326648,0,0,0,event bez numerowanych miejsc
315682,0,0,0,event bez numerowanych miejsc
333233,0,0,0,event bez numerowanych miejsc
308282,255,85,3,event bez numerowanych miejsc
354589,2170,70,31,event bez numerowanych miejsc
307003,230,115,2,event bez numerowanych miejsc
269278,4420,130,34,event bez numerowanych miejsc
335776,150,50,3,event z jadną głowna salą
388510,0,0,0,event z jadną głowna salą
333337,280,35,8,event z jadną głowna salą
314674,595,85,7,event z jadną głowna salą
309720,30,30,1,event z jadną głowna salą
309721,0,0,0,event z jadną głowna salą
415727,100,100,1,event bez numerowanych miejsc
386104,25,25,1,event bez numerowanych miejsc
423451,0,0,0,event bez numerowanych miejsc
422845,0,0,0,event bez numerowanych miejsc
333965,0,0,0,event bez numerowanych miejsc
300110,200,100,2,event bez numerowanych miejsc
312818,135,135,1,event bez numerowanych miejsc
268771,0,0,0,event bez numerowanych miejsc
391061,0,0,5,event z jadną głowna salą
436641,60,30,2,event z jadną głowna salą
432178,0,0,0,event bez numerowanych miejsc
419757,0,0,0,event bez numerowanych miejsc
326488,4800,160,30,event z jadną głowna salą
336133,2240,140,16,event z jadną głowna salą
343331,1995,95,21,event z jadną głowna salą
411067,30,30,1,event bez numerowanych miejsc
388398,2900,145,20,event z jadną głowna salą
325157,1265,115,11,event z jadną głowna salą
388346,2160,135,16,event z jadną głowna salą
354511,280,20,14,event z jadną głowna salą
322253,2465,145,17,event z jadną głowna salą
319566,0,0,0,event bez numerowanych miejsc
401527,115,115,1,event bez numerowanych miejsc
354493,20,20,1,event z jadną głowna salą
326808,15,5,3,event z jadną głowna salą
308647,2500,100,25,event z jadną głowna salą
330079,0,0,0,event z jadną głowna salą
330076,0,0,0,event z jadną głowna salą
401541,300,100,3,event bez numerowanych miejsc
336418,5400,150,36,event z jadną głowna salą
369487,7130,155,46,event z jadną głowna salą
332935,675,45,15,event bez numerowanych miejsc
326637,0,0,0,event z jadną głowna salą
336268,0,0,0,event z jadną głowna salą
383901,0,0,0,event bez numerowanych miejsc
336595,0,0,5,event z jadną głowna salą
325936,15260,35,436,event bez numerowanych miejsc
415319,0,0,0,event bez numerowanych miejsc
432653,60,10,6,event z jadną głowna salą
382605,0,0,0,event bez numerowanych miejsc
382604,10,10,1,event bez numerowanych miejsc
431449,200,40,5,event bez numerowanych miejsc
433490,210,35,6,event bez numerowanych miejsc
431279,0,0,0,event z jadną głowna salą
431431,0,0,0,event z jadną głowna salą
382606,0,0,0,event bez numerowanych miejsc
310506,0,0,0,event bez numerowanych miejsc
310507,0,0,0,event bez numerowanych miejsc
378013,280,10,28,event z jadną głowna salą
355503,220,10,22,event z jadną głowna salą
361035,110,10,11,event z jadną głowna salą
403533,0,0,0,event bez numerowanych miejsc
419030,30,15,2,event bez numerowanych miejsc
410113,0,0,0,event bez numerowanych miejsc
307671,0,0,0,event bez numerowanych miejsc
306195,3190,290,11,event bez numerowanych miejsc
377281,60,60,1,event bez numerowanych miejsc
384113,55,55,1,event bez numerowanych miejsc
407475,0,0,0,event bez numerowanych miejsc
407476,0,0,0,event bez numerowanych miejsc
407477,50,50,1,event bez numerowanych miejsc
336968,0,0,0,event bez numerowanych miejsc
369776,0,0,0,event z jadną głowna salą
392195,100,20,5,event z jadną głowna salą
338637,120,15,8,event z jadną głowna salą
334055,225,25,9,event z jadną głowna salą
259338,420,60,7,event z jadną głowna salą
317842,110,55,2,event z jadną głowna salą
343680,120,15,8,event z jadną głowna salą
334650,660,60,11,event z jadną głowna salą
407714,25,25,1,event bez numerowanych miejsc
259333,20,20,1,event z jadną głowna salą
259328,20,20,1,event z jadną głowna salą
308694,0,0,0,event z jadną głowna salą
259332,0,0,0,event z jadną głowna salą
259337,0,0,0,event z jadną głowna salą
369197,0,0,0,event z jadną głowna salą
369595,0,0,0,event z jadną głowna salą
369596,0,0,0,event z jadną głowna salą
354057,55,55,1,event z jadną głowna salą
384939,175,25,7,event bez numerowanych miejsc
376594,0,0,0,event bez numerowanych miejsc
376605,0,0,0,event bez numerowanych miejsc
349869,280,20,14,event z jadną głowna salą
338152,240,20,12,event z jadną głowna salą
334014,420,20,21,event z jadną głowna salą
329794,300,10,30,event z jadną głowna salą
332930,285,15,19,event z jadną głowna salą
339664,315,15,21,event z jadną głowna salą
336511,420,20,21,event z jadną głowna salą
335760,330,15,22,event z jadną głowna salą
388749,600,25,24,event z jadną głowna salą
327886,225,15,15,event z jadną głowna salą
381659,110,10,11,event z jadną głowna salą
326063,380,20,19,event z jadną głowna salą
345218,270,15,18,event z jadną głowna salą
344029,630,45,14,event z jadną głowna salą
379979,400,25,16,event z jadną głowna salą
340865,255,15,17,event z jadną głowna salą
386403,160,10,16,event z jadną głowna salą
393925,350,25,14,event bez numerowanych miejsc
411192,0,0,0,event bez numerowanych miejsc
353168,0,0,0,event z jadną głowna salą
413457,200,20,10,event bez numerowanych miejsc
415714,0,0,0,event bez numerowanych miejsc
382463,2090,110,19,event z jadną głowna salą
343856,1610,115,14,event z jadną głowna salą
330427,1330,70,19,event z jadną głowna salą
309925,500,20,25,event z jadną głowna salą
312996,0,0,0,event z jadną głowna salą
270394,6225,15,415,event z jadną głowna salą
337598,0,0,0,event z jadną głowna salą
